index,filename,viewpoint,species,shown_at_iso
1,oth_vvel2_1415_jpg.rf.82b140939b01ae29fc03f3523190c93e.jpg,oth,vve,2026-03-28T17:40:58.427Z
2,sid_NULL_1491_jpg.rf.b71393a82e12e4818aa6f9ab96c28c44.jpg,sid,NUL,2026-03-28T17:41:02.440Z
3,top_vvel2_0052_jpg.rf.494cc5e19a9c0e8efd24c84305a2fa91.jpg,top,vve,2026-03-28T17:41:06.452Z
4,top_vcra1_2262_jpg.rf.66a100a6bcf10a9f94a651d26a4dcd97.jpg,top,vcr,2026-03-28T17:41:10.484Z
5,top_vespsp2_5751_jpg.rf.2f3c650787659405a2f337b014e95602.jpg,top,ves,2026-03-28T17:41:14.515Z
6,top_vcra2_3246_jpg.rf.752f908bbca348dc40172eaf6613f144.jpg,top,vcr,2026-03-28T17:41:18.541Z
7,top_amel2_1598_jpg.rf.c4a90826a5f9aa5a2418c45462704bf0.jpg,top,ame,2026-03-28T17:41:22.576Z
8,oth_vvel2_2642_jpg.rf.907276ecc8f317156b4f26e54172eaa1.jpg,oth,vve,2026-03-28T17:41:26.587Z
9,oth_vespsp2_0688_jpg.rf.c261078e19d68a6a011475dbdeae38d9.jpg,oth,ves,2026-03-28T17:41:30.598Z
10,sid_vvel2_4022_jpg.rf.c6ee2a5100f50d02124bc1a9493021e8.jpg,sid,vve,2026-03-28T17:41:34.610Z
11,sid_vcra2_1191_jpg.rf.34d86079ff7ebe957ee8986350e9dfce.jpg,sid,vcr,2026-03-28T17:41:38.641Z
12,oth_vcra2_5852_jpg.rf.ec9c50a2a5b00d722b490172a80b09c2.jpg,oth,vcr,2026-03-28T17:41:42.654Z
13,oth_vvel2_3685_jpg.rf.1b5d173726099966a47c80dcc37a9b33.jpg,oth,vve,2026-03-28T17:41:46.658Z
14,top_vvel2_4601_jpg.rf.eccfbdf96cdd6e7a08d268d6b76a6664.jpg,top,vve,2026-03-28T17:41:50.665Z
15,oth_vvel1_2503_jpg.rf.8776d94ff7061ba43b91a0c190c7c269.jpg,oth,vve,2026-03-28T17:41:54.694Z
16,top_vvel1_1222_jpg.rf.5c0b73feadb3c6a7285e4f62953b5bc2.jpg,top,vve,2026-03-28T17:41:58.729Z
17,top_vcra2_4993_jpg.rf.1749e3f9c6ba7d91a5d8c6faff59d937.jpg,top,vcr,2026-03-28T17:42:02.751Z
18,sid_vvel2_4971_jpg.rf.f605f9ce04fb230a355e188490407b9f.jpg,sid,vve,2026-03-28T17:42:06.763Z
19,top_NULL_1189_jpg.rf.6fb152c3e8032c2755cd5d5adf305d9c.jpg,top,NUL,2026-03-28T17:42:10.772Z
20,top_vcra2_5417_jpg.rf.f529ebec88e3ecfa35109b56ae0f1837.jpg,top,vcr,2026-03-28T17:42:14.782Z
21,top_amel1_2241_jpg.rf.0dc1fb6205b2c346a0db197d3d0e02cc.jpg,top,ame,2026-03-28T17:42:18.790Z
22,top_vvel2_2282_jpg.rf.58d632c09325b78bf4c19b30a58c2859.jpg,top,vve,2026-03-28T17:42:22.817Z
23,top_vcra2_4610_jpg.rf.5ec59bcdb51b620b817e0d82e2fce210.jpg,top,vcr,2026-03-28T17:42:26.829Z
24,sid_vcra2_0169_jpg.rf.1d450a03e04c1a9888333284d12c8398.jpg,sid,vcr,2026-03-28T17:42:30.837Z
25,sid_vespsp2_4146_jpg.rf.29def1c64f390a6d15252bde98452c97.jpg,sid,ves,2026-03-28T17:42:34.842Z
26,oth_amel2_8276_jpg.rf.6aa5659f172f6e8c3c3f1e20b13f0028.jpg,oth,ame,2026-03-28T17:42:38.854Z
27,oth_vespsp1_0414_jpg.rf.2391cc301bb7cd82923ff97acb806485.jpg,oth,ves,2026-03-28T17:42:42.861Z
28,oth_vespsp2_4642_jpg.rf.b3cfa113738382648f179b746cfb40fe.jpg,oth,ves,2026-03-28T17:42:46.873Z
29,sid_amel1_2405_jpg.rf.9a67327e04b326d84dccc65fd3e1ab86.jpg,sid,ame,2026-03-28T17:42:50.879Z
30,sid_vcra2_2704_jpg.rf.aef45048fdad19521b71ff8dc85b43e6.jpg,sid,vcr,2026-03-28T17:42:54.885Z
31,top_amel2_7053_jpg.rf.cf11f61a0914805604a3933c51e93cf1.jpg,top,ame,2026-03-28T17:42:58.899Z
32,oth_vespsp2_4443_jpg.rf.1929ed54bf5a67301f44a3235e7c6999.jpg,oth,ves,2026-03-28T17:43:02.914Z
33,oth_vvel2_5978_jpg.rf.81930247ae3450667e779ce99ffae6e6.jpg,oth,vve,2026-03-28T17:43:06.921Z
34,top_NULL_0353_jpg.rf.8d9c33044b01adf899fd538e76d31d15.jpg,top,NUL,2026-03-28T17:43:10.931Z
35,top_amel1_1106_jpg.rf.266b96b36c4c6e1fe4391354b86f7d00.jpg,top,ame,2026-03-28T17:43:14.958Z
36,oth_vcra1_1835_jpg.rf.49360b95a1a0021244d1557f5fb168de.jpg,oth,vcr,2026-03-28T17:43:18.989Z
37,oth_amel2_5354_jpg.rf.d8a38fc5e4fc2787865e4d057be87af6.jpg,oth,ame,2026-03-28T17:43:23.019Z
38,oth_vvel1_1642_jpg.rf.d1d9c62eb82cf0fed9a891f4afb53ddb.jpg,oth,vve,2026-03-28T17:43:27.029Z
39,oth_vespsp2_3057_jpg.rf.451e57b37252867c3392139d357468f3.jpg,oth,ves,2026-03-28T17:43:31.038Z
40,sid_amel2_2483_jpg.rf.bbfb8f66439e654268454864d95bf122.jpg,sid,ame,2026-03-28T17:43:35.065Z
41,top_amel2_6382_jpg.rf.befac5fc9a6d6f19d394c578d7c8825a.jpg,top,ame,2026-03-28T17:43:39.071Z
42,top_vespsp2_1324_jpg.rf.9f3526ffde3405f8261ef62b5303332a.jpg,top,ves,2026-03-28T17:43:43.106Z
43,top_vcra2_1572_jpg.rf.873180f675911b65da332461a2ddd7d4.jpg,top,vcr,2026-03-28T17:43:47.122Z
44,top_vespsp2_3595_jpg.rf.54946e20e7c823ba6670531f6e397e68.jpg,top,ves,2026-03-28T17:43:51.127Z
45,top_vcra2_4981_jpg.rf.4a2280b28b8590e7ffde5e3a224d6434.jpg,top,vcr,2026-03-28T17:43:55.137Z
46,sid_vespsp2_1773_jpg.rf.acdfb1032d20f333933f1379efb2f7d7.jpg,sid,ves,2026-03-28T17:43:59.150Z
47,top_amel2_6507_jpg.rf.090c5a89085ac6282ec9b049f23961b2.jpg,top,ame,2026-03-28T17:44:03.163Z
48,oth_vvel2_1030_jpg.rf.50bf8416a0f974ad1d81fb7cc9068d08.jpg,oth,vve,2026-03-28T17:44:07.173Z
49,top_amel1_0617_jpg.rf.1e306b4979d6ee1e07a142aeba33b690.jpg,top,ame,2026-03-28T17:44:11.180Z
50,sid_amel1_2436_jpg.rf.2078a2d88b20a77fcd24604a5d089c1e.jpg,sid,ame,2026-03-28T17:44:15.196Z
51,top_vcra2_0592_jpg.rf.c8279c25e8c87779b27f2ea88b419173.jpg,top,vcr,2026-03-28T17:44:19.228Z
52,oth_amel2_3759_jpg.rf.e3e9ac5d6912a501ccae113822614306.jpg,oth,ame,2026-03-28T17:44:23.260Z
53,sid_vespsp2_1055_jpg.rf.a4d772cabae42b8e441c14431d8f4019.jpg,sid,ves,2026-03-28T17:44:27.290Z
54,top_amel2_3359_jpg.rf.9b20f628a7fdc99278d91bdcc25d0eef.jpg,top,ame,2026-03-28T17:44:31.342Z
55,oth_NULL_1590_jpg.rf.f0ab9a8f5ccbc924263ca37eab5586bd.jpg,oth,NUL,2026-03-28T17:44:35.371Z
56,oth_vcra1_0406_jpg.rf.f69de260a45a3cd9773eb897e0e8eb5e.jpg,oth,vcr,2026-03-28T17:44:39.416Z
57,sid_vespsp1_0502_jpg.rf.00d39cc7ebce84a997ab3ecf3f2edabf.jpg,sid,ves,2026-03-28T17:44:43.441Z
58,top_vvel2_0464_jpg.rf.2dd3eb315a558ac9b3fe4567360517a4.jpg,top,vve,2026-03-28T17:44:47.460Z
59,oth_vvel2_0060_jpg.rf.e4c73ba7828c17e38aa417146b17dd69.jpg,oth,vve,2026-03-28T17:44:51.486Z
60,sid_amel1_1815_jpg.rf.98375f470f95d58e5067b6a52a12be9b.jpg,sid,ame,2026-03-28T17:44:55.513Z
61,sid_vcra2_0083_jpg.rf.8aa2e60a91553eafd52e5f36494e5e2a.jpg,sid,vcr,2026-03-28T17:44:59.521Z
62,sid_vvel1_2275_jpg.rf.9935f4facb2f0b517539f91b6abf7e72.jpg,sid,vve,2026-03-28T17:45:03.548Z
63,top_vcra2_3243_jpg.rf.471b68ca048c1f0c9d39e95c07e528e8.jpg,top,vcr,2026-03-28T17:45:07.570Z
64,sid_amel2_4833_jpg.rf.d08e1df20ba60c3b08892a42af79d4ef.jpg,sid,ame,2026-03-28T17:45:11.601Z
65,oth_vespsp2_1469_jpg.rf.cdbc97ec5504453d290099f9b97b8c75.jpg,oth,ves,2026-03-28T17:45:15.612Z
66,sid_vcra2_5563_jpg.rf.fb2bad3355ba8cfc88b1268c8679ceee.jpg,sid,vcr,2026-03-28T17:45:19.618Z
67,top_amel1_2037_jpg.rf.b85dc62f31ec5c7a6f56da94c2a2f262.jpg,top,ame,2026-03-28T17:45:23.649Z
68,oth_amel1_1546_jpg.rf.6de31c982a7d34e7b9cdf52400722fc8.jpg,oth,ame,2026-03-28T17:45:27.655Z
69,oth_vespsp2_0465_jpg.rf.75bac31d920b3d74ece9b585110deb27.jpg,oth,ves,2026-03-28T17:45:31.668Z
70,top_amel2_4706_jpg.rf.a855f2a1e323503094150ea16840c8d0.jpg,top,ame,2026-03-28T17:45:35.675Z
71,top_NULL_0872_jpg.rf.f456a6f2be88b1aca4f5630add0c0bc7.jpg,top,NUL,2026-03-28T17:45:39.703Z
72,sid_vvel2_5289_jpg.rf.44cc13d6e0d76162908e2da5854f9323.jpg,sid,vve,2026-03-28T17:45:43.710Z
73,oth_vespsp2_0353_jpg.rf.517e9ec46296464d7a6f456b17355efc.jpg,oth,ves,2026-03-28T17:45:47.715Z
74,top_vvel2_1498_jpg.rf.68a79957ca037d46bcfc51f15e3b311d.jpg,top,vve,2026-03-28T17:45:51.740Z
75,oth_vvel1_1000_jpg.rf.5c020230e1a9bb08146797a7bff921bb.jpg,oth,vve,2026-03-28T17:45:55.768Z
76,top_vespsp2_0975_jpg.rf.6a188772eef6b2bf29db23339c29e06b.jpg,top,ves,2026-03-28T17:45:59.780Z
77,top_vcra2_5962_jpg.rf.7958c3485dc25bf2703527b6d1e35a9c.jpg,top,vcr,2026-03-28T17:46:03.798Z
78,top_vcra1_0051_jpg.rf.88201619136a2a594e7423dbb94bb572.jpg,top,vcr,2026-03-28T17:46:07.818Z
79,top_vcra2_0894_jpg.rf.d7295df20cf4994f682ba11d7c0921c4.jpg,top,vcr,2026-03-28T17:46:11.827Z
80,top_vcra2_1648_jpg.rf.cff8c54054fe31da6f8fc85a9c5e843b.jpg,top,vcr,2026-03-28T17:46:15.849Z
81,oth_vespsp2_4262_jpg.rf.654f83a1d4f009df07e996fdaf3ca167.jpg,oth,ves,2026-03-28T17:46:19.856Z
82,top_vespsp2_2995_jpg.rf.4eedda9155b3761ad7c2a31458fdf305.jpg,top,ves,2026-03-28T17:46:23.888Z
83,oth_vvel2_4040_jpg.rf.408c6c9cb338fe35b4639afde331d7ce.jpg,oth,vve,2026-03-28T17:46:27.913Z
84,oth_amel2_8968_jpg.rf.e4899431d2d0625f4c50471dda96a1f7.jpg,oth,ame,2026-03-28T17:46:31.939Z
85,sid_amel2_5882_jpg.rf.68be86445ba755828fc4c72f5fb7fedd.jpg,sid,ame,2026-03-28T17:46:35.961Z
86,oth_amel2_1181_jpg.rf.b159639b6ad04194e3aceb7b7126aafb.jpg,oth,ame,2026-03-28T17:46:39.982Z
87,top_vcra2_3239_jpg.rf.9f16acf1eb5986cdf2195e5ff74edca3.jpg,top,vcr,2026-03-28T17:46:44.004Z
88,top_amel2_4743_jpg.rf.f9ac5c7a02843c08c162e622f170eed7.jpg,top,ame,2026-03-28T17:46:48.029Z
89,sid_vcra1_1728_jpg.rf.c429e57c14ef1965e7d5e5c1f4ec469d.jpg,sid,vcr,2026-03-28T17:46:52.053Z
90,oth_vvel1_2572_jpg.rf.97cd91025e8f0724f9f8fb020f75be92.jpg,oth,vve,2026-03-28T17:46:56.074Z
91,top_vcra2_4220_jpg.rf.c9128a3ac62e44f27b054a21928c9e39.jpg,top,vcr,2026-03-28T17:47:00.082Z
92,top_vespsp2_5842_jpg.rf.3e6111636236159b11d52b15585bbdb0.jpg,top,ves,2026-03-28T17:47:04.096Z
93,top_vespsp2_5740_jpg.rf.e88a5e738089a3a8874177fca76a2a29.jpg,top,ves,2026-03-28T17:47:08.108Z
94,sid_amel2_8519_jpg.rf.bd9fce732ef096e134dbf2015fd004b4.jpg,sid,ame,2026-03-28T17:47:12.125Z
95,sid_amel2_1827_jpg.rf.2d191c93e632fdf5d6b6d899213d9616.jpg,sid,ame,2026-03-28T17:47:16.130Z
96,top_amel2_7062_jpg.rf.51e15ebd545b368f92dcdf4cbb42f1be.jpg,top,ame,2026-03-28T17:47:20.161Z
97,top_vvel2_0310_jpg.rf.357ad908d2f81b87ea71925fe6583cf6.jpg,top,vve,2026-03-28T17:47:24.171Z
98,sid_amel2_8480_jpg.rf.17cfddac54cf5cfa3dac6248ee45eedd.jpg,sid,ame,2026-03-28T17:47:28.201Z
99,oth_amel1_0782_jpg.rf.a89a46ef3965ec93a4878d8b418106fd.jpg,oth,ame,2026-03-28T17:47:32.213Z
100,sid_vvel1_1416_jpg.rf.b34a42cd44513a31e8b1624fcb1c35a7.jpg,sid,vve,2026-03-28T17:47:36.244Z
101,sid_vespsp2_5083_jpg.rf.ee849cb42aa0cd6661327ab6ce1a642d.jpg,sid,ves,2026-03-28T17:47:40.270Z
102,top_amel1_0456_jpg.rf.d3be1392ea3a385f13524e980b1876ea.jpg,top,ame,2026-03-28T17:47:44.298Z
103,top_vespsp2_2700_jpg.rf.90755a640cd2b22aa04173f87d9d6a49.jpg,top,ves,2026-03-28T17:47:48.324Z
104,top_vvel2_5859_jpg.rf.e3f80ebc3da180d4a480eb09ac49e1f3.jpg,top,vve,2026-03-28T17:47:52.329Z
105,top_NULL_0843_jpg.rf.62929cb4b4eb3742840f2c8d79a87323.jpg,top,NUL,2026-03-28T17:47:56.354Z
106,sid_vespsp2_3391_jpg.rf.f8a501a08474545228aa96a33aac880f.jpg,sid,ves,2026-03-28T17:48:00.366Z
107,oth_vvel2_1967_jpg.rf.cf408efebd90bbd94b281e586937f33d.jpg,oth,vve,2026-03-28T17:48:04.396Z
108,oth_amel1_1610_jpg.rf.772b485f885ed74ceb70c448834a4c35.jpg,oth,ame,2026-03-28T17:48:08.420Z
109,sid_vespsp1_0024_jpg.rf.c9e83bdd63f272e1c459cd7b96d1eed2.jpg,sid,ves,2026-03-28T17:48:12.455Z
110,top_vespsp2_0967_jpg.rf.c4b982c9606dc0dd9af08ca8eff4fe33.jpg,top,ves,2026-03-28T17:48:16.487Z
111,oth_vespsp2_1848_jpg.rf.ec574b1058c14ddd82de03f413011ca9.jpg,oth,ves,2026-03-28T17:48:20.512Z
112,top_vcra2_6048_jpg.rf.b043aa437cb523b7397b4cc4f2ec58a1.jpg,top,vcr,2026-03-28T17:48:24.538Z
113,oth_amel1_0702_jpg.rf.2dd393c6504a82b005a0d181d56e7c33.jpg,oth,ame,2026-03-28T17:48:28.561Z
114,top_vvel2_5949_jpg.rf.31928502f277678cd60100297b5ecf04.jpg,top,vve,2026-03-28T17:48:32.591Z
115,top_vespsp2_4926_jpg.rf.b8424fd38daac3b2369aee522e5b125e.jpg,top,ves,2026-03-28T17:48:36.617Z
116,oth_vvel2_6210_jpg.rf.520f0293de0fbaf08ec2791a35cd89b6.jpg,oth,vve,2026-03-28T17:48:40.647Z
117,top_vespsp2_1857_jpg.rf.f74fbeb80a32f0dbf404cefd0a3c5095.jpg,top,ves,2026-03-28T17:48:44.677Z
118,top_vvel2_1179_jpg.rf.7ca23447f37daeeffb5e9111d14e0fff.jpg,top,vve,2026-03-28T17:48:48.711Z
119,sid_vvel2_4547_jpg.rf.d4d0ea5ebad163453a57d1fbbf14a951.jpg,sid,vve,2026-03-28T17:48:52.739Z
120,oth_amel1_1349_jpg.rf.c03d28b2dd63f0cd05fd95a63000e48b.jpg,oth,ame,2026-03-28T17:48:56.773Z
121,sid_amel1_1458_jpg.rf.e2d9dbc32fab63347990fa7c9273f72a.jpg,sid,ame,2026-03-28T17:49:00.796Z
122,top_vcra1_0602_jpg.rf.8a82b12875a2e6a5d93935433588860b.jpg,top,vcr,2026-03-28T17:49:04.822Z
123,oth_amel2_6212_jpg.rf.2d04ad9be02a5d3de54c70b95d3dfc2e.jpg,oth,ame,2026-03-28T17:49:08.845Z
124,oth_vespsp1_1409_jpg.rf.34fec0515876eb5e15b77439f52afb7e.jpg,oth,ves,2026-03-28T17:49:12.875Z
125,sid_amel2_0183_jpg.rf.f502906f8f0edfe1c4d2050b69e45cab.jpg,sid,ame,2026-03-28T17:49:16.903Z
126,top_vespsp2_2950_jpg.rf.0c89f9cc0271280f3e7ada597c19dcac.jpg,top,ves,2026-03-28T17:49:20.926Z
127,sid_vcra1_0437_jpg.rf.ccd2c10d7dbc78e59b443fc71602be92.jpg,sid,vcr,2026-03-28T17:49:24.948Z
128,top_vespsp2_2980_jpg.rf.8c432d77581612e4f0f430f812e15065.jpg,top,ves,2026-03-28T17:49:28.974Z
129,top_vvel2_5345_jpg.rf.fe505a5c7b997ab12c5847d1b0919f23.jpg,top,vve,2026-03-28T17:49:33.009Z
130,top_NULL_0908_jpg.rf.e5c1eceb174c35a63ce8ae328fe9b9b1.jpg,top,NUL,2026-03-28T17:49:37.024Z
131,top_vvel1_0860_jpg.rf.67348bcb961f98e4c55d3baf5c0f3732.jpg,top,vve,2026-03-28T17:49:41.036Z
132,sid_vespsp2_3327_jpg.rf.51cdb139c4837a8b23c6ab35321bf581.jpg,sid,ves,2026-03-28T17:49:45.073Z
133,top_amel2_5053_jpg.rf.adc8bd421008dedfc25d2886ebbd706f.jpg,top,ame,2026-03-28T17:49:49.109Z
134,top_vcra1_1082_jpg.rf.3f3b96ed62726422bd5744d8644fe22f.jpg,top,vcr,2026-03-28T17:49:53.133Z
135,oth_vvel2_4806_jpg.rf.b4ddea816d52a1279f1bcc8ddd5ce43f.jpg,oth,vve,2026-03-28T17:49:57.158Z
136,sid_vcra2_4251_jpg.rf.e243cb7dae9e351321b17efa8f34781f.jpg,sid,vcr,2026-03-28T17:50:01.164Z
137,oth_amel2_3625_jpg.rf.e0e34124078b7a113aef678d8a1eae79.jpg,oth,ame,2026-03-28T17:50:05.176Z
138,top_vvel2_2268_jpg.rf.f79c70f86dc3aa7575d3ac40b2017006.jpg,top,vve,2026-03-28T17:50:09.185Z
139,top_vespsp2_2373_jpg.rf.274dfb5531d9cf2773b27ae88710f716.jpg,top,ves,2026-03-28T17:50:13.213Z
140,oth_vvel2_5352_jpg.rf.3111b8fb746b34d927353d667a628c4c.jpg,oth,vve,2026-03-28T17:50:17.238Z
141,top_vespsp2_4623_jpg.rf.560c029e6a5db5455f86c8e935c65178.jpg,top,ves,2026-03-28T17:50:21.248Z
142,oth_vvel1_2602_jpg.rf.0210cc0ef7f1d5e722a67491691f6e59.jpg,oth,vve,2026-03-28T17:50:25.295Z
143,top_vvel1_1550_jpg.rf.47cff2a89160872b31dd0f9fd2a87dc0.jpg,top,vve,2026-03-28T17:50:29.302Z
144,sid_amel2_6047_jpg.rf.1982fe1f2d6858d6fde14e61d32e812d.jpg,sid,ame,2026-03-28T17:50:33.328Z
145,top_vcra2_1464_jpg.rf.5b12712c64c32a47f932f3b2d612bcd3.jpg,top,vcr,2026-03-28T17:50:37.355Z
146,oth_vcra2_2530_jpg.rf.b08c6dca5189eb97c480aab6fd385fa5.jpg,oth,vcr,2026-03-28T17:50:41.383Z
147,oth_vvel2_4895_jpg.rf.008b4280d207b296ea665b67cae1227a.jpg,oth,vve,2026-03-28T17:50:45.406Z
148,sid_amel2_7790_jpg.rf.82c965c9d6700560aa0ae0aa3cd8d0a5.jpg,sid,ame,2026-03-28T17:50:49.420Z
149,oth_vespsp2_0194_jpg.rf.f3fa00ea84b0316e9b7f5f670c0ee953.jpg,oth,ves,2026-03-28T17:50:53.447Z
150,top_amel2_0279_jpg.rf.0a6b2640f008d573c2b156e32fbfe0ec.jpg,top,ame,2026-03-28T17:50:57.455Z
151,sid_amel2_7434_jpg.rf.8d567b3815813c57acf7683e98865d12.jpg,sid,ame,2026-03-28T17:51:01.485Z
152,sid_amel2_7064_jpg.rf.f7d87437ea85b6716707da6897e99597.jpg,sid,ame,2026-03-28T17:51:05.514Z
153,top_vcra2_4915_jpg.rf.bb3f572efec02d16d48dd746e59d636f.jpg,top,vcr,2026-03-28T17:51:09.536Z
154,sid_vvel2_0160_jpg.rf.7c094d46d8f5ca285eb9cec96195296c.jpg,sid,vve,2026-03-28T17:51:13.550Z
155,sid_vvel2_0193_jpg.rf.a50673486a63bd9748088f7d443c5cb9.jpg,sid,vve,2026-03-28T17:51:17.555Z
156,top_NULL_0293_jpg.rf.0b39ade101d0d800a0963b349d042dcd.jpg,top,NUL,2026-03-28T17:51:21.563Z
157,top_vvel2_1367_jpg.rf.8423a97bbd7e1b8b2c2190285f9f91a4.jpg,top,vve,2026-03-28T17:51:25.571Z
158,oth_vespsp1_1576_jpg.rf.9b7c9229fc614825a105239950518c49.jpg,oth,ves,2026-03-28T17:51:29.575Z
159,sid_amel2_1992_jpg.rf.cf8f0c60fd32817d1cb36c891113c499.jpg,sid,ame,2026-03-28T17:51:33.604Z
160,top_vvel1_0745_jpg.rf.bc071cca94611ff789993811708c69bc.jpg,top,vve,2026-03-28T17:51:37.631Z
161,oth_vvel1_1411_jpg.rf.2108d5965422840d9deb0ea6dbe4515e.jpg,oth,vve,2026-03-28T17:51:41.658Z
162,oth_amel1_1261_jpg.rf.23761262d09b507278a95fa9bd9b0d91.jpg,oth,ame,2026-03-28T17:51:45.683Z
163,top_vcra2_0848_jpg.rf.236e8ad3814d6e7997144e78f8af7a4d.jpg,top,vcr,2026-03-28T17:51:49.717Z
164,sid_vespsp1_0869_jpg.rf.da5a780194dec3942c569e89e316f680.jpg,sid,ves,2026-03-28T17:51:53.754Z
165,top_vvel2_3756_jpg.rf.ec5271b2f58b3a7be0d82851ac6f57f5.jpg,top,vve,2026-03-28T17:51:57.786Z
166,top_vcra2_4765_jpg.rf.43c950dbb5ed169a21b35626ac080468.jpg,top,vcr,2026-03-28T17:52:01.798Z
167,oth_amel2_0791_jpg.rf.0aafef4091ca3eab68d3de3fc6d3fcaa.jpg,oth,ame,2026-03-28T17:52:05.823Z
168,oth_NULL_0994_jpg.rf.5491ed2d69aa6ce44d84159b4bc18a32.jpg,oth,NUL,2026-03-28T17:52:09.849Z
169,top_vcra2_1058_jpg.rf.3301589d00a20b39c8b0e49d43179c72.jpg,top,vcr,2026-03-28T17:52:13.874Z
170,top_vvel1_1321_jpg.rf.db0562a56d65aa9ece845c85b66446c2.jpg,top,vve,2026-03-28T17:52:17.891Z
171,top_vcra1_1482_jpg.rf.82fbed067c77a4f8021677f8d8d269ec.jpg,top,vcr,2026-03-28T17:52:21.923Z
172,sid_amel2_5446_jpg.rf.fab1fcc546ae419c2400ced998f31ae7.jpg,sid,ame,2026-03-28T17:52:25.949Z
173,top_vvel2_1578_jpg.rf.c189acc45eca8527350ea97e3b35a94f.jpg,top,vve,2026-03-28T17:52:29.973Z
174,top_vespsp1_1771_jpg.rf.33d4f6b3e61cc4dd3a42e3799087eb63.jpg,top,ves,2026-03-28T17:52:34.009Z
175,oth_vvel1_2005_jpg.rf.e4247e942cf280e422c88b364c33fe9e.jpg,oth,vve,2026-03-28T17:52:38.039Z
176,top_vcra2_5249_jpg.rf.3bf1369fa6714a4fb6a0ba906fcae346.jpg,top,vcr,2026-03-28T17:52:42.052Z
177,top_vcra1_0786_jpg.rf.96e07f3dd40f8a20ac5177bf48600893.jpg,top,vcr,2026-03-28T17:52:46.087Z
178,top_vespsp2_4659_jpg.rf.e9b98d36d00ec7447ec4287e5e13bea3.jpg,top,ves,2026-03-28T17:52:50.122Z
179,oth_amel2_5819_jpg.rf.c95f421411caa7b1fbd802ec474b2cd0.jpg,oth,ame,2026-03-28T17:52:54.156Z
180,sid_NULL_1600_jpg.rf.3ca07886e66987e79f9dc41c859031d9.jpg,sid,NUL,2026-03-28T17:52:58.185Z
181,sid_amel2_2174_jpg.rf.517d1065024362f67e497f3dc527cf25.jpg,sid,ame,2026-03-28T17:53:02.194Z
182,top_vcra2_3914_jpg.rf.4b0fcd8e4b1aa06f649adea7be64447c.jpg,top,vcr,2026-03-28T17:53:06.209Z
183,top_amel2_2896_jpg.rf.6983483f791433ea608a24cc1a654e42.jpg,top,ame,2026-03-28T17:53:10.220Z
184,top_vcra2_5461_jpg.rf.871029a9b3ba1053473d6275169b8251.jpg,top,vcr,2026-03-28T17:53:14.254Z
185,sid_vespsp1_1235_jpg.rf.8820d1eeae626ce63cdb2e466500aaab.jpg,sid,ves,2026-03-28T17:53:18.262Z
186,oth_vvel2_4584_jpg.rf.91cd4d5371c5fd18239a197880df8368.jpg,oth,vve,2026-03-28T17:53:22.290Z
187,top_vvel1_1806_jpg.rf.24953a72d0dabb94907ef800392f18c5.jpg,top,vve,2026-03-28T17:53:26.299Z
188,sid_vespsp2_5485_jpg.rf.e29e84b92a197a5e23d798248f356f68.jpg,sid,ves,2026-03-28T17:53:30.314Z
189,top_vespsp2_2329_jpg.rf.1de5e8239d960ab2dee599096cdc3411.jpg,top,ves,2026-03-28T17:53:34.340Z
190,top_vespsp2_5868_jpg.rf.0a703f85037eb966957ef574c9eba5dd.jpg,top,ves,2026-03-28T17:53:38.368Z
191,top_vespsp2_1765_jpg.rf.f47bc633f839c344072aaaffd59560ed.jpg,top,ves,2026-03-28T17:53:42.388Z
192,top_amel2_1510_jpg.rf.1e6a1a54cd6702b9842f777948a1dd18.jpg,top,ame,2026-03-28T17:53:46.420Z
193,oth_vespsp1_0298_jpg.rf.24677fb15b1ef9aa9edd593026b9328a.jpg,oth,ves,2026-03-28T17:53:50.440Z
194,top_vcra2_4755_jpg.rf.370d0adb05a320668262584100c6cb65.jpg,top,vcr,2026-03-28T17:53:54.469Z
195,top_amel2_5391_jpg.rf.92e8f7ee833ac2504e0f4280e1302a0d.jpg,top,ame,2026-03-28T17:53:58.498Z
196,top_amel1_2410_jpg.rf.bad4ebb3dced8e92c5c8cf6f4cc6a48d.jpg,top,ame,2026-03-28T17:54:02.528Z
197,top_amel2_6898_jpg.rf.661317a1d27a128ea1be533a6c9634c3.jpg,top,ame,2026-03-28T17:54:06.562Z
198,oth_vcra1_1751_jpg.rf.04ccb8622c3acf807551b524c815862f.jpg,oth,vcr,2026-03-28T17:54:10.587Z
199,top_vvel2_5773_jpg.rf.fe39272a856fada45c9e9db78c2d5b27.jpg,top,vve,2026-03-28T17:54:14.596Z
200,sid_amel1_2235_jpg.rf.b6200c55250c49b5bb9a00ea993aa80e.jpg,sid,ame,2026-03-28T17:54:18.631Z
201,sid_vespsp1_0275_jpg.rf.d35e98875e70e2e67afdb2f2732dc316.jpg,sid,ves,2026-03-28T17:54:22.661Z
202,top_vcra2_4674_jpg.rf.f827cab150c4c4b8c760cdde42854c5d.jpg,top,vcr,2026-03-28T17:54:26.685Z
203,top_vcra2_0800_jpg.rf.08aa00f2aa0b00d5a43354ae9b79af55.jpg,top,vcr,2026-03-28T17:54:30.692Z
204,sid_vvel2_2353_jpg.rf.07cc9434ceacb72d043a79da489ea33c.jpg,sid,vve,2026-03-28T17:54:34.702Z
205,top_vvel2_2302_jpg.rf.b5ef25a356f101d2617e2e2485938a63.jpg,top,vve,2026-03-28T17:54:38.726Z
206,top_vcra2_5953_jpg.rf.396f1fb7aad744cc9ee4852dcfd98c7c.jpg,top,vcr,2026-03-28T17:54:42.764Z
207,oth_amel2_0362_jpg.rf.d6c67af17a787bcf8f0e58cf36b43d25.jpg,oth,ame,2026-03-28T17:54:46.776Z
208,sid_amel1_2466_jpg.rf.e13bf1bc923a51dd66f006f12519356b.jpg,sid,ame,2026-03-28T17:54:50.793Z
209,sid_vvel1_0836_jpg.rf.f5d56b8633338b37a1a276e782944c4a.jpg,sid,vve,2026-03-28T17:54:54.813Z
210,oth_amel2_1568_jpg.rf.f15d2be08ab73d329495ffdbc6368150.jpg,oth,ame,2026-03-28T17:54:58.842Z
211,oth_amel2_1419_jpg.rf.3fb27c217fc1ea78d0ef140b33dd32cb.jpg,oth,ame,2026-03-28T17:55:02.851Z
212,sid_amel2_6635_jpg.rf.1d08032ea8d7166a2ecb57117d79999d.jpg,sid,ame,2026-03-28T17:55:06.883Z
213,top_vvel2_1217_jpg.rf.13a97f887795d7e5c8d5fae5e735f896.jpg,top,vve,2026-03-28T17:55:10.912Z
214,oth_amel1_2291_jpg.rf.c10085c7da1fb5132f0741f974a2a991.jpg,oth,ame,2026-03-28T17:55:14.923Z
215,oth_vespsp2_0045_jpg.rf.30b6673629190ec5b25c4d9f056b272b.jpg,oth,ves,2026-03-28T17:55:18.940Z
216,top_vcra2_0981_jpg.rf.6c8949a865bcf249c353c20a48d1f766.jpg,top,vcr,2026-03-28T17:55:22.968Z
217,top_NULL_0158_jpg.rf.33847b4506179351a95f349224e65d9d.jpg,top,NUL,2026-03-28T17:55:26.990Z
218,top_NULL_0959_jpg.rf.683180f1e383390bcfa70fd6233e4fd3.jpg,top,NUL,2026-03-28T17:55:31.014Z
219,oth_vvel2_0640_jpg.rf.587be184ac9bacd05620269fdb00569f.jpg,oth,vve,2026-03-28T17:55:35.036Z
220,top_vcra2_5454_jpg.rf.f1bf857e36bdc92a68c6dd202130902a.jpg,top,vcr,2026-03-28T17:55:39.063Z
221,oth_amel1_0143_jpg.rf.28b70a35af0801a729978fe982e3d2f4.jpg,oth,ame,2026-03-28T17:55:43.091Z
222,top_vespsp1_0882_jpg.rf.b80cd6b4fe6fed224f2ac932bd2f5ae6.jpg,top,ves,2026-03-28T17:55:47.102Z
223,oth_vvel1_1126_jpg.rf.af615dac6decea49f87d2dea57dd18ba.jpg,oth,vve,2026-03-28T17:55:51.125Z
224,sid_vcra1_0363_jpg.rf.5e0a04a62469f13a9d009b6546490693.jpg,sid,vcr,2026-03-28T17:55:55.152Z
225,top_amel2_7589_jpg.rf.b7878d5d0c8e7f474565f697c0f42a1c.jpg,top,ame,2026-03-28T17:55:59.177Z
226,top_vcra2_4519_jpg.rf.ae243e4728ee9666afddce32c7c7dc80.jpg,top,vcr,2026-03-28T17:56:03.192Z
227,sid_vvel2_4215_jpg.rf.639869da6d5c52feea359e960b4751e8.jpg,sid,vve,2026-03-28T17:56:07.220Z
228,top_vvel2_4428_jpg.rf.6935a11e8275681588308f85707f69c3.jpg,top,vve,2026-03-28T17:56:11.253Z
229,oth_vcra1_1247_jpg.rf.117af6bfc11c6bbc7d72d401872ac9a8.jpg,oth,vcr,2026-03-28T17:56:15.284Z
230,top_amel2_7465_jpg.rf.a38194ecae71a07c987c052da8381610.jpg,top,ame,2026-03-28T17:56:19.314Z
231,oth_vvel2_1842_jpg.rf.140bdd50cb4cbc33597701f82912a69e.jpg,oth,vve,2026-03-28T17:56:23.346Z
232,oth_vcra1_0637_jpg.rf.18b98fd2db01b00fa03b52d3cdf62e07.jpg,oth,vcr,2026-03-28T17:56:27.391Z
233,oth_vcra2_2986_jpg.rf.a3215b8242896cfe6bb31b859d77e6fc.jpg,oth,vcr,2026-03-28T17:56:31.421Z
234,sid_vcra1_1208_jpg.rf.7c8af001959b2f6bec7fbc5e658316e3.jpg,sid,vcr,2026-03-28T17:56:35.486Z
235,top_amel2_5483_jpg.rf.318cb45abd81ea8d57c2ea89f99933b7.jpg,top,ame,2026-03-28T17:56:39.493Z
236,sid_vcra2_4108_jpg.rf.3f7f9c1e91a62c5e1e2bdde72581a675.jpg,sid,vcr,2026-03-28T17:56:43.560Z
237,top_amel1_0077_jpg.rf.3576c80f3b9493d5c47abff5e76b9750.jpg,top,ame,2026-03-28T17:56:47.570Z
238,oth_vespsp2_4641_jpg.rf.3ff452706110de72d4f51721226a9279.jpg,oth,ves,2026-03-28T17:56:51.597Z
239,sid_vcra2_1740_jpg.rf.cf6bb72b6a4cc17c820b7d9296d6664b.jpg,sid,vcr,2026-03-28T17:56:55.620Z
240,top_amel1_2081_jpg.rf.49ce636094d5e46c8497855d2c94b36c.jpg,top,ame,2026-03-28T17:56:59.644Z
241,oth_amel2_4035_jpg.rf.3948747a5d45b347543f8832ccd783ff.jpg,oth,ame,2026-03-28T17:57:03.648Z
242,top_amel2_4320_jpg.rf.04a3640f8ea91748a1ff85843f138b02.jpg,top,ame,2026-03-28T17:57:07.653Z
243,sid_amel2_0884_jpg.rf.9612f4acdb7105d58fc28766bac393c2.jpg,sid,ame,2026-03-28T17:57:11.674Z
244,oth_vcra1_2161_jpg.rf.d6373f248d214da16255e955aec3bb04.jpg,oth,vcr,2026-03-28T17:57:15.693Z
245,top_vcra2_0584_jpg.rf.40fe342e03a6987b2f0b01dc19d3d3ab.jpg,top,vcr,2026-03-28T17:57:19.860Z
246,top_vcra1_1715_jpg.rf.c325d65b50b77a2a677e0ab225be605d.jpg,top,vcr,2026-03-28T17:57:23.891Z
247,oth_vespsp2_0965_jpg.rf.b73370b100d3497ee30d671cbf95456d.jpg,oth,ves,2026-03-28T17:57:27.903Z
248,top_amel2_7444_jpg.rf.5bf2bfac54df5f220c8d04e6e1d7932c.jpg,top,ame,2026-03-28T17:57:31.931Z
249,top_amel1_2376_jpg.rf.fef4c6aac69d96b5a08ba14914024f5d.jpg,top,ame,2026-03-28T17:57:35.946Z
250,sid_vvel1_0332_jpg.rf.7d7822eec97fd40492a80dc5e98c9471.jpg,sid,vve,2026-03-28T17:57:39.974Z
251,top_amel2_6492_jpg.rf.fcce79cf4540c3c7b850cfe2c2829b6b.jpg,top,ame,2026-03-28T17:57:44.005Z
252,oth_NULL_0630_jpg.rf.c356a87e5de2735e6080aceff1aae5e3.jpg,oth,NUL,2026-03-28T17:57:48.011Z
253,top_vespsp2_2836_jpg.rf.75a9b9b47c1626c4071a9857d7803079.jpg,top,ves,2026-03-28T17:57:52.019Z
254,top_vespsp2_3617_jpg.rf.9b33ead1ef37d99e406a9bc60e079a73.jpg,top,ves,2026-03-28T17:57:56.031Z
255,top_vvel2_2720_jpg.rf.07fe7fe8424847c8a7198dfc4ae35d5f.jpg,top,vve,2026-03-28T17:58:00.041Z
256,top_vespsp2_3817_jpg.rf.77f3cbd3821bfe80ace89b9fb029fcc5.jpg,top,ves,2026-03-28T17:58:04.056Z
257,top_vvel2_6251_jpg.rf.d878e7198c09c918b92383b82ed09465.jpg,top,vve,2026-03-28T17:58:08.068Z
258,top_vvel1_2136_jpg.rf.c23113ad6c6bfa74538e736881d48c08.jpg,top,vve,2026-03-28T17:58:12.079Z
259,top_vespsp2_0778_jpg.rf.8456f229b6db3805b58e9a6c001d33a0.jpg,top,ves,2026-03-28T17:58:16.106Z
260,oth_vespsp1_1240_jpg.rf.faf7b38b1df4e2d1e12d03c9d17986af.jpg,oth,ves,2026-03-28T17:58:20.117Z
261,oth_amel1_0209_jpg.rf.dd8368c621da13b6cf566d3da582dac7.jpg,oth,ame,2026-03-28T17:58:24.126Z
262,sid_amel2_0872_jpg.rf.a85f11708d034ca33d6bdc7f483a8028.jpg,sid,ame,2026-03-28T17:58:28.141Z
263,top_amel2_4852_jpg.rf.644a65e51ad74d8d066d557d869ddedc.jpg,top,ame,2026-03-28T17:58:32.167Z
264,sid_vvel2_1434_jpg.rf.0493e80a5c39efa9b6689975bf6cb716.jpg,sid,vve,2026-03-28T17:58:36.180Z
265,sid_vvel2_3209_jpg.rf.861af0a45b1971ce98f7241e7f46dd6e.jpg,sid,vve,2026-03-28T17:58:40.208Z
266,oth_amel2_6609_jpg.rf.9e3f9232d2aaca3c148be4f8ecdb5c47.jpg,oth,ame,2026-03-28T17:58:44.218Z
267,top_vvel1_2239_jpg.rf.00f0ee56400047eef28cd39a429297ba.jpg,top,vve,2026-03-28T17:58:48.248Z
268,top_vvel1_2379_jpg.rf.b252f6c633e409b15beeda3d202245b3.jpg,top,vve,2026-03-28T17:58:52.274Z
269,oth_vespsp2_5519_jpg.rf.92c39355560fb77d264d97d504ef5288.jpg,oth,ves,2026-03-28T17:58:56.286Z
270,oth_vespsp1_0677_jpg.rf.ca2806a266f23c8cb52083aebe66d959.jpg,oth,ves,2026-03-28T17:59:00.309Z
271,oth_amel2_3014_jpg.rf.da7c58897b51d8e7a2f82def64723041.jpg,oth,ame,2026-03-28T17:59:04.324Z
272,oth_vcra2_0094_jpg.rf.a877e1cfd3b1ab32aa98a3ff227479ce.jpg,oth,vcr,2026-03-28T17:59:08.356Z
273,top_amel2_8849_jpg.rf.28dcc45dcc62754a3daddd93c654bb76.jpg,top,ame,2026-03-28T17:59:12.369Z
274,top_vcra1_1626_jpg.rf.032ed5b9ffdb08e7c0f88d3e05721802.jpg,top,vcr,2026-03-28T17:59:16.389Z
275,oth_vespsp2_2282_jpg.rf.b70d2e700699db18217636d22c65ce51.jpg,oth,ves,2026-03-28T17:59:20.413Z
276,top_vcra2_5463_jpg.rf.791e948d23ed14220ed8d4b9293d4958.jpg,top,vcr,2026-03-28T17:59:24.436Z
277,top_vespsp2_3453_jpg.rf.ffef281435e27997d94abbc52d285cbc.jpg,top,ves,2026-03-28T17:59:28.450Z
278,sid_vvel2_5562_jpg.rf.31eaec29094a15a99c5a74436d1d41bd.jpg,sid,vve,2026-03-28T17:59:32.463Z
279,top_amel1_0880_jpg.rf.f287e25346644c03ee63b95a66632b99.jpg,top,ame,2026-03-28T17:59:36.480Z
280,sid_amel2_2589_jpg.rf.b6cd604f3dac65dd54b2b2e0e2cfbc02.jpg,sid,ame,2026-03-28T17:59:40.506Z
281,top_vcra2_3162_jpg.rf.0750634e21473f7c7a37288e9543ff1b.jpg,top,vcr,2026-03-28T17:59:44.519Z
282,sid_amel2_0136_jpg.rf.779a53c0f4ab9f42f4c8c8e2263fa86f.jpg,sid,ame,2026-03-28T17:59:48.545Z
283,top_vvel2_5257_jpg.rf.be9508d8e558f06b92c873b5fab31787.jpg,top,vve,2026-03-28T17:59:52.562Z
284,top_vespsp2_5781_jpg.rf.ce45102d09bcd89b8529a0cb5a42a47f.jpg,top,ves,2026-03-28T17:59:56.576Z
285,oth_vespsp2_3457_jpg.rf.4b5a634d59d8d3657a892ff77c40fccd.jpg,oth,ves,2026-03-28T18:00:00.586Z
286,top_amel2_4342_jpg.rf.05ed29a383a30b8526ea4c4cec83957a.jpg,top,ame,2026-03-28T18:00:04.596Z
287,sid_vvel2_5287_jpg.rf.4c54f00f7d13e9850a7dd3566f0686f2.jpg,sid,vve,2026-03-28T18:00:08.617Z
288,top_vcra1_0645_jpg.rf.f031f620a1780d31c61b83791bcda229.jpg,top,vcr,2026-03-28T18:00:12.629Z
289,top_vcra2_4903_jpg.rf.7b1540439e49702b0a279c3ab0fa6c59.jpg,top,vcr,2026-03-28T18:00:16.657Z
290,top_vvel2_6285_jpg.rf.948fe7d614db3bdfab019885135bc3f6.jpg,top,vve,2026-03-28T18:00:20.684Z
291,top_vcra2_4778_jpg.rf.073c450b4b9c8953f5f7c329dbe5b657.jpg,top,vcr,2026-03-28T18:00:24.714Z
292,oth_vvel2_6073_jpg.rf.fa0bc634093021d6173c59738efd6ae0.jpg,oth,vve,2026-03-28T18:00:28.745Z
293,oth_amel2_8100_jpg.rf.058c56bb31c4efccf81c2e10e8ac1ff5.jpg,oth,ame,2026-03-28T18:00:32.777Z
294,sid_amel2_4379_jpg.rf.b88b55529dd01f289013ab6fd4d8239a.jpg,sid,ame,2026-03-28T18:00:36.806Z
295,top_NULL_0015_jpg.rf.a604ee1549684da27fb8101692d29fce.jpg,top,NUL,2026-03-28T18:00:40.821Z
296,sid_vcra2_2301_jpg.rf.68b3a64c3e6d1da59ffb1ccfae56c5ed.jpg,sid,vcr,2026-03-28T18:00:44.839Z
297,top_vvel2_3999_jpg.rf.19a667dc230a2b0a53169832aa1b2818.jpg,top,vve,2026-03-28T18:00:48.865Z
298,sid_amel1_0501_jpg.rf.9b8b53deb5a69ab7c97baed0cc653660.jpg,sid,ame,2026-03-28T18:00:52.886Z
299,oth_amel2_4274_jpg.rf.f0aa08b9a255f8304f28df1401014633.jpg,oth,ame,2026-03-28T18:00:56.890Z
300,sid_vcra2_5638_jpg.rf.3342caf941afe6b51bfaf110e771dcfe.jpg,sid,vcr,2026-03-28T18:01:00.905Z
301,top_vvel2_0673_jpg.rf.a4029a2f6374bfa0e303c52ce21b49d6.jpg,top,vve,2026-03-28T18:01:04.926Z
302,top_vcra2_4671_jpg.rf.626e1ce83bcca63913c979c09a582b91.jpg,top,vcr,2026-03-28T18:01:08.934Z
303,sid_amel2_4602_jpg.rf.985dd364c065ab4ed65f924f182a652f.jpg,sid,ame,2026-03-28T18:01:12.954Z
304,top_vespsp2_2289_jpg.rf.0c8717c66c0cd7bfa9c8fab32b94cd92.jpg,top,ves,2026-03-28T18:01:16.970Z
305,top_amel2_4455_jpg.rf.a36cafa521beac9daadaedd36eea75c8.jpg,top,ame,2026-03-28T18:01:20.989Z
306,top_vespsp2_1745_jpg.rf.acbd792376a62a30d11db1eeecd2442c.jpg,top,ves,2026-03-28T18:01:25.015Z
307,top_vvel2_5675_jpg.rf.fc15e1acf5b8ae6c171ac3faac78f831.jpg,top,vve,2026-03-28T18:01:29.044Z
308,top_vcra2_3027_jpg.rf.bfe328b68e294509454cec535d2e05ec.jpg,top,vcr,2026-03-28T18:01:33.072Z
309,oth_vvel1_2113_jpg.rf.ccaf77babcaf195f4b4177d58f16f019.jpg,oth,vve,2026-03-28T18:01:37.084Z
310,oth_amel2_8902_jpg.rf.1059a80475934994a79fac07666bb7af.jpg,oth,ame,2026-03-28T18:01:41.095Z
311,sid_amel2_3553_jpg.rf.bcbf6da836bc9d2b69e0abac6f497ae5.jpg,sid,ame,2026-03-28T18:01:45.104Z
312,oth_vvel2_6019_jpg.rf.7f20b4ab9de25149eb64634fd3a17d3e.jpg,oth,vve,2026-03-28T18:01:49.114Z
313,sid_vespsp2_5457_jpg.rf.0a7b35092c5f227d9e55dfe3cdda4b26.jpg,sid,ves,2026-03-28T18:01:53.149Z
314,sid_vvel1_1485_jpg.rf.277265744818c5775b09d49b2d7758c8.jpg,sid,vve,2026-03-28T18:01:57.179Z
315,oth_vvel1_1394_jpg.rf.85daaf87ab310f36cdc6c5a8463af8e2.jpg,oth,vve,2026-03-28T18:02:01.257Z
316,sid_vvel1_0621_jpg.rf.0014804cea9a35f93ffac4ceebe07fb2.jpg,sid,vve,2026-03-28T18:02:05.269Z
317,top_amel2_3618_jpg.rf.c8b31777d2bab0c26bccb4d2ea7bc7e9.jpg,top,ame,2026-03-28T18:02:09.300Z
318,top_vvel1_2101_jpg.rf.13530ce12c8f42cd9691650929a98947.jpg,top,vve,2026-03-28T18:02:13.331Z
319,top_vvel1_0953_jpg.rf.5de85f3ca4bb7e944e9764a7968c0bdb.jpg,top,vve,2026-03-28T18:02:17.342Z
320,oth_vcra2_3222_jpg.rf.ae1b34f14766ec7d562f9e8283a3eff5.jpg,oth,vcr,2026-03-28T18:02:21.372Z
321,top_vvel2_2329_jpg.rf.7000119b196a3f2c3eac4a8521726280.jpg,top,vve,2026-03-28T18:02:25.393Z
322,top_vespsp2_4508_jpg.rf.80a60263cff46441b28a65234a060c24.jpg,top,ves,2026-03-28T18:02:29.417Z
323,sid_amel2_7468_jpg.rf.da506371c6f565e03fe9a5c58b0ad0f6.jpg,sid,ame,2026-03-28T18:02:33.420Z
324,sid_amel1_0438_jpg.rf.0d0e7d36d4d46c0da80f741cc973b1d7.jpg,sid,ame,2026-03-28T18:02:37.422Z
325,oth_amel2_2929_jpg.rf.2b728c5a9586cd3eada56bb41654070d.jpg,oth,ame,2026-03-28T18:02:41.428Z
326,oth_amel2_8880_jpg.rf.0ce12c0b6a717d6f7222c233fd7c4c98.jpg,oth,ame,2026-03-28T18:02:45.434Z
327,oth_vvel2_2911_jpg.rf.523936d873d6232190261ddd6d5ccfc9.jpg,oth,vve,2026-03-28T18:02:49.460Z
328,top_vcra2_5094_jpg.rf.3348fe4e05e8e10ddcdacb476eb37e81.jpg,top,vcr,2026-03-28T18:02:53.486Z
329,sid_vvel1_0620_jpg.rf.603f15e7b590513132a46bd8a5bc60cf.jpg,sid,vve,2026-03-28T18:02:57.512Z
330,top_vespsp2_1801_jpg.rf.7cee1d3f3d7aacaf1c3c3eb7e4e7c9e4.jpg,top,ves,2026-03-28T18:03:01.534Z
331,top_vespsp2_2472_jpg.rf.82b9ad2d65d10b35bf357dec3b902172.jpg,top,ves,2026-03-28T18:03:05.564Z
332,sid_amel2_8391_jpg.rf.7afa1a2173487557689f771bf847ab2e.jpg,sid,ame,2026-03-28T18:03:09.596Z
333,top_vcra2_4503_jpg.rf.16d674467ff7b41eaa68387b83857d66.jpg,top,vcr,2026-03-28T18:03:13.620Z
334,oth_vcra1_0783_jpg.rf.25a40f67c3ee1cc4b12e3136e0df19df.jpg,oth,vcr,2026-03-28T18:03:17.629Z
335,sid_vvel2_0751_jpg.rf.4bcfb9e5245e27fea4478cab0e971eb3.jpg,sid,vve,2026-03-28T18:03:21.664Z
336,oth_vespsp2_0200_jpg.rf.2cfe1ca5f72b2a4865c2d35b47bd320c.jpg,oth,ves,2026-03-28T18:03:25.694Z
337,top_vcra2_3116_jpg.rf.823936e9793cb03618bbd6b70539a2f1.jpg,top,vcr,2026-03-28T18:03:29.703Z
338,top_amel2_4369_jpg.rf.453c1b2ec323b8cd0884dfa15c91c668.jpg,top,ame,2026-03-28T18:03:33.721Z
339,oth_amel2_2778_jpg.rf.df9099f1ec28aa1837063cf74a85e413.jpg,oth,ame,2026-03-28T18:03:37.743Z
340,sid_amel2_2898_jpg.rf.28b56230be34f2596fdd76c9b327b47d.jpg,sid,ame,2026-03-28T18:03:41.779Z
341,top_vespsp1_2314_jpg.rf.55e9c79794e83a6df37963266d1245fa.jpg,top,ves,2026-03-28T18:03:45.808Z
342,sid_vespsp2_2362_jpg.rf.bace50e6ad165d522297adb3fc01d876.jpg,sid,ves,2026-03-28T18:03:49.834Z
343,sid_vespsp2_6361_jpg.rf.783f1295d5facfc1482600477293ad3e.jpg,sid,ves,2026-03-28T18:03:53.865Z
344,oth_vcra2_2697_jpg.rf.3314ed4ee8d9d5024bbbb7d0bbbd6e94.jpg,oth,vcr,2026-03-28T18:03:57.888Z
345,sid_vvel2_1225_jpg.rf.91a7e86c5376f8db01ad15fe8b971f90.jpg,sid,vve,2026-03-28T18:04:01.907Z
346,top_vvel2_3206_jpg.rf.e7ca779484032acb2f23fb58f5e40885.jpg,top,vve,2026-03-28T18:04:05.929Z
347,top_vvel2_5020_jpg.rf.9a37cc4afd18c3c6d0d2167967b2717a.jpg,top,vve,2026-03-28T18:04:09.937Z
348,sid_vespsp2_0430_jpg.rf.17d89bc65d821057955d98a7f1967231.jpg,sid,ves,2026-03-28T18:04:13.947Z
349,oth_vvel2_6217_jpg.rf.07f40a5af2e8beeee12b3181585bd999.jpg,oth,vve,2026-03-28T18:04:17.959Z
350,oth_vespsp2_6041_jpg.rf.1df712275c00ad595f4007cdca604cb1.jpg,oth,ves,2026-03-28T18:04:21.988Z
351,top_vvel2_0088_jpg.rf.2b0a13f23f692345922353b732769c89.jpg,top,vve,2026-03-28T18:04:26.016Z
352,sid_vespsp2_1679_jpg.rf.5874a74c2aa16875fbe8a31a2337bbcc.jpg,sid,ves,2026-03-28T18:04:30.023Z
353,top_vvel2_4177_jpg.rf.73110402d97901327f23e48857450068.jpg,top,vve,2026-03-28T18:04:34.057Z
354,oth_vvel1_1039_jpg.rf.72a145494eea9811b86090cc59bbce0f.jpg,oth,vve,2026-03-28T18:04:38.088Z
355,oth_NULL_1759_jpg.rf.86e8c179458ca2e08d8f5a41d8b760e7.jpg,oth,NUL,2026-03-28T18:04:42.102Z
356,sid_amel2_5641_jpg.rf.ce68a0f96913e9cc655958bbf6487b6e.jpg,sid,ame,2026-03-28T18:04:46.116Z
357,top_vcra2_5577_jpg.rf.ee45adc444bd88bfefb653f0aa061598.jpg,top,vcr,2026-03-28T18:04:50.124Z
358,top_amel2_2466_jpg.rf.4f523637b86f39000b9e4cf046de88b7.jpg,top,ame,2026-03-28T18:04:54.149Z
359,sid_NULL_0018_jpg.rf.6bb7611b96dda211e5425ca727ffcc28.jpg,sid,NUL,2026-03-28T18:04:58.176Z
360,top_NULL_1539_jpg.rf.d386180a1174631c5cb8b8030c6f4bf4.jpg,top,NUL,2026-03-28T18:05:02.206Z
361,top_vvel2_4779_jpg.rf.569480dae6deea43c9e97718c30489e2.jpg,top,vve,2026-03-28T18:05:06.233Z
362,top_vvel2_0842_jpg.rf.f188b704d79a8520852a58998480fae8.jpg,top,vve,2026-03-28T18:05:10.247Z
363,top_vespsp2_4213_jpg.rf.3d04d18402cf05c9b4d198e0910cd453.jpg,top,ves,2026-03-28T18:05:14.271Z
364,oth_vvel2_4579_jpg.rf.8a3e0316beb5430b048d504539d84c20.jpg,oth,vve,2026-03-28T18:05:18.298Z
365,top_vcra2_4708_jpg.rf.3ba986c1f0c2d65db91b2d1f309ffc4f.jpg,top,vcr,2026-03-28T18:05:22.308Z
366,oth_amel1_1998_jpg.rf.e825cd029b1464a9c180fca891fec428.jpg,oth,ame,2026-03-28T18:05:26.336Z
367,top_vespsp1_2209_jpg.rf.e6a026c4c2fda477f17fa57e9649addb.jpg,top,ves,2026-03-28T18:05:30.355Z
368,top_vcra1_1404_jpg.rf.2bc499c61fc9254a3d6969511ecfd905.jpg,top,vcr,2026-03-28T18:05:34.388Z
369,sid_amel1_1495_jpg.rf.c26f1b34a4b55f3ab567f2df1ef6f9c3.jpg,sid,ame,2026-03-28T18:05:38.419Z
370,oth_vvel2_6286_jpg.rf.cd22b01c7b07d4657b0dc7adac5094ee.jpg,oth,vve,2026-03-28T18:05:42.427Z
371,oth_vcra2_0170_jpg.rf.d4eac8e8025493cf81a5ef7c06851eb6.jpg,oth,vcr,2026-03-28T18:05:46.440Z
372,oth_amel1_2371_jpg.rf.a72d62e72f265be0b119d462d3d0716d.jpg,oth,ame,2026-03-28T18:05:50.455Z
373,oth_amel2_0205_jpg.rf.6edafd9c2cf6e09689c35bfaa6e5ab46.jpg,oth,ame,2026-03-28T18:05:54.488Z
374,top_amel1_0282_jpg.rf.892f0983d55737474296559a1f9064c3.jpg,top,ame,2026-03-28T18:05:58.515Z
375,top_vcra2_5640_jpg.rf.a93eb57a0a750f8ad466796fc8f66fc4.jpg,top,vcr,2026-03-28T18:06:02.528Z
376,oth_vcra1_1990_jpg.rf.f17a031c822d7bc20bb9eadc53ef3a45.jpg,oth,vcr,2026-03-28T18:06:06.554Z
377,top_vcra2_3845_jpg.rf.92f4fedd711b4e8c21c87eefb8607b51.jpg,top,vcr,2026-03-28T18:06:10.563Z
378,top_vvel1_1319_jpg.rf.99106d9bbd3c1321b75c2c76d8771d78.jpg,top,vve,2026-03-28T18:06:14.585Z
379,oth_vcra2_4596_jpg.rf.bb7e58c543a594840c3ce27e198f9a2c.jpg,oth,vcr,2026-03-28T18:06:18.592Z
380,top_vvel2_4915_jpg.rf.5e20488dcbfbcdd280e3157fe7e36480.jpg,top,vve,2026-03-28T18:06:22.610Z
381,oth_vespsp2_2566_jpg.rf.adf5115ef36d089e2c68499fbe20f3d9.jpg,oth,ves,2026-03-28T18:06:26.621Z
382,sid_NULL_1509_jpg.rf.b3b670d7ed2d9a972c73ed96472c6d93.jpg,sid,NUL,2026-03-28T18:06:30.647Z
383,sid_amel2_0032_jpg.rf.5c5dc0e44d13c6c0f7d52d8c1e9f1cea.jpg,sid,ame,2026-03-28T18:06:34.662Z
384,sid_amel2_5363_jpg.rf.7689b084ee58cdee9d200acbc280ce25.jpg,sid,ame,2026-03-28T18:06:38.677Z
385,top_vvel2_5244_jpg.rf.fc4d528baf0901679e44c9fe90a86d94.jpg,top,vve,2026-03-28T18:06:42.684Z
386,oth_amel1_1702_jpg.rf.3b17b6aa566045574ec46e8ff52c88fb.jpg,oth,ame,2026-03-28T18:06:46.699Z
387,oth_vespsp1_0748_jpg.rf.2c94509dcad05e45b73e0520e49df2e8.jpg,oth,ves,2026-03-28T18:06:50.712Z
388,top_vespsp2_3243_jpg.rf.4bbe2fcc1fbe8e0b52197873b875c7b1.jpg,top,ves,2026-03-28T18:06:54.749Z
1,oth_vvel2_1415_jpg.rf.82b140939b01ae29fc03f3523190c93e.jpg,oth,vve,2026-03-28T18:06:58.781Z
